Spawn:
  world: world
  x: 0.5161274039017638
  y: 139.0
  z: -15.516468192279687
  yaw: 0.019583527
  pitch: -1.3051542
